File_name,.iso,.md,.py
README,README.iso,README.md,,
file-list_md5_date,,,file-list_md5_date.py,
photography-nocall,,,photography-nocall.py,
